scores = [15000, 34700, 1800, 4100, 3100, 8000, 5700, 9300]

eps_history = [0.05, 0.05, 0.05, 0.05, 0.05, 0.05, 0.05, 0.05]

times = [-18.136449098587036, -29.27586030960083, -17.16789174079895, -18.917126655578613]